1, 1 0.5 2 0.5 3 0.5 4 0.5 5 0.5 6 0.5 7 0.5 8 0.5 9 0.5 10 0.5 11 0.5 12 0.5 13 0.5 14 0.5 15 0.5 16 0.5 17 0.5 18 0.5 19 0.5 20 0.5 21 0.5 22 0.5 23 0.5 24 0.5 25 0.5;
2, 1 0.333333 2 0.333333 3 0.333333 4 0.333333 5 0.333333 6 0.333333 7 0.333333 8 0.333333 9 0.333333 10 0.333333 11 0.333333 12 0.333333 13 0.666667 14 0.666667 15 0.666667 16 0.666667 17 0.666667 18 0.666667 19 0.666667 20 0.666667 21 0.666667 22 0.666667 23 0.666667 24 0.666667 25 0.666667;
3, 1 0.25 2 0.25 3 0.25 4 0.25 5 0.25 6 0.25 7 0.25 8 0.25 9 0.25 10 0.5 11 0.5 12 0.5 13 0.5 14 0.5 15 0.5 16 0.5 17 0.5 18 0.75 19 0.75 20 0.75 21 0.75 22 0.75 23 0.75 24 0.75 25 0.75;
4, 1 0.2 2 0.2 3 0.2 4 0.2 5 0.2 6 0.2 7 0.2 8 0.4 9 0.4 10 0.4 11 0.4 12 0.4 13 0.4 14 0.6 15 0.6 16 0.6 17 0.6 18 0.6 19 0.6 20 0.8 21 0.8 22 0.8 23 0.8 24 0.8 25 0.8;
5, 1 0.166667 2 0.166667 3 0.166667 4 0.166667 5 0.166667 6 0.333333 7 0.333333 8 0.333333 9 0.333333 10 0.333333 11 0.5 12 0.5 13 0.5 14 0.5 15 0.5 16 0.666667 17 0.666667 18 0.666667 19 0.666667 20 0.666667 21 0.833333 22 0.833333 23 0.833333 24 0.833333 25 0.833333;
6, 1 0.142857 2 0.142857 3 0.142857 4 0.142857 5 0.142857 6 0.285714 7 0.285714 8 0.285714 9 0.285714 10 0.428571 11 0.428571 12 0.428571 13 0.428571 14 0.571429 15 0.571429 16 0.571429 17 0.571429 18 0.714286 19 0.714286 20 0.714286 21 0.714286 22 0.857143 23 0.857143 24 0.857143 25 0.857143;
7, 1 0.125 2 0.125 3 0.125 4 0.125 5 0.25 6 0.25 7 0.25 8 0.25 9 0.375 10 0.375 11 0.375 12 0.5 13 0.5 14 0.5 15 0.5 16 0.625 17 0.625 18 0.625 19 0.75 20 0.75 21 0.75 22 0.75 23 0.875 24 0.875 25 0.875;
8, 1 0.111111 2 0.111111 3 0.111111 4 0.111111 5 0.222222 6 0.222222 7 0.222222 8 0.333333 9 0.333333 10 0.333333 11 0.444444 12 0.444444 13 0.444444 14 0.555556 15 0.555556 16 0.555556 17 0.666667 18 0.666667 19 0.666667 20 0.777778 21 0.777778 22 0.777778 23 0.888889 24 0.888889 25 0.888889;
9, 1 0.1 2 0.1 3 0.1 4 0.2 5 0.2 6 0.2 7 0.3 8 0.3 9 0.3 10 0.4 11 0.4 12 0.4 13 0.5 14 0.5 15 0.6 16 0.6 17 0.6 18 0.7 19 0.7 20 0.7 21 0.8 22 0.8 23 0.8 24 0.9 25 0.9;
10, 1 0.090909 2 0.090909 3 0.090909 4 0.181818 5 0.181818 6 0.272727 7 0.272727 8 0.272727 9 0.363636 10 0.363636 11 0.454545 12 0.454545 13 0.454545 14 0.545455 15 0.545455 16 0.636364 17 0.636364 18 0.636364 19 0.727273 20 0.727273 21 0.818182 22 0.818182 23 0.818182 24 0.909091 25 0.909091;
11, 1 0.083333 2 0.083333 3 0.083333 4 0.166667 5 0.166667 6 0.25 7 0.25 8 0.333333 9 0.333333 10 0.333333 11 0.416667 12 0.416667 13 0.5 14 0.5 15 0.583333 16 0.583333 17 0.666667 18 0.666667 19 0.666667 20 0.75 21 0.75 22 0.833333 23 0.833333 24 0.916667 25 0.916667;
12, 1 0.076923 2 0.076923 3 0.076923 4 0.153846 5 0.153846 6 0.230769 7 0.230769 8 0.307692 9 0.307692 10 0.384615 11 0.384615 12 0.461538 13 0.461538 14 0.538462 15 0.538462 16 0.615385 17 0.615385 18 0.692308 19 0.692308 20 0.769231 21 0.769231 22 0.846154 23 0.846154 24 0.923077 25 0.923077;
13, 1 0.071429 2 0.071429 3 0.142857 4 0.142857 5 0.214286 6 0.214286 7 0.285714 8 0.285714 9 0.357143 10 0.357143 11 0.428571 12 0.428571 13 0.5 14 0.5 15 0.571429 16 0.571429 17 0.642857 18 0.642857 19 0.714286 20 0.714286 21 0.785714 22 0.785714 23 0.857143 24 0.857143 25 0.928571;
14, 1 0.066667 2 0.066667 3 0.133333 4 0.133333 5 0.2 6 0.2 7 0.266667 8 0.266667 9 0.333333 10 0.4 11 0.4 12 0.466667 13 0.466667 14 0.533333 15 0.533333 16 0.6 17 0.6 18 0.666667 19 0.733333 20 0.733333 21 0.8 22 0.8 23 0.866667 24 0.866667 25 0.933333;
15, 1 0.0625 2 0.0625 3 0.125 4 0.125 5 0.1875 6 0.25 7 0.25 8 0.3125 9 0.3125 10 0.375 11 0.4375 12 0.4375 13 0.5 14 0.5 15 0.5625 16 0.625 17 0.625 18 0.6875 19 0.6875 20 0.75 21 0.8125 22 0.8125 23 0.875 24 0.875 25 0.9375;
16, 1 0.058824 2 0.058824 3 0.117647 4 0.117647 5 0.176471 6 0.235294 7 0.235294 8 0.294118 9 0.352941 10 0.352941 11 0.411765 12 0.470588 13 0.470588 14 0.529412 15 0.529412 16 0.588235 17 0.647059 18 0.647059 19 0.705882 20 0.764706 21 0.764706 22 0.823529 23 0.882353 24 0.882353 25 0.941176;
17, 1 0.055556 2 0.055556 3 0.111111 4 0.166667 5 0.166667 6 0.222222 7 0.277778 8 0.277778 9 0.333333 10 0.388889 11 0.388889 12 0.444444 13 0.5 14 0.5 15 0.555556 16 0.611111 17 0.611111 18 0.666667 19 0.722222 20 0.722222 21 0.777778 22 0.833333 23 0.833333 24 0.888889 25 0.944444;
18, 1 0.052632 2 0.052632 3 0.105263 4 0.157895 5 0.157895 6 0.210526 7 0.263158 8 0.315789 9 0.315789 10 0.368421 11 0.421053 12 0.421053 13 0.473684 14 0.526316 15 0.578947 16 0.578947 17 0.631579 18 0.684211 19 0.684211 20 0.736842 21 0.789474 22 0.842105 23 0.842105 24 0.894737 25 0.947368;
19, 1 0.05 2 0.05 3 0.1 4 0.15 5 0.2 6 0.2 7 0.25 8 0.3 9 0.35 10 0.35 11 0.4 12 0.45 13 0.5 14 0.5 15 0.55 16 0.6 17 0.65 18 0.65 19 0.7 20 0.75 21 0.8 22 0.8 23 0.85 24 0.9 25 0.95;
20, 1 0.047619 2 0.047619 3 0.095238 4 0.142857 5 0.190476 6 0.238095 7 0.238095 8 0.285714 9 0.333333 10 0.380952 11 0.428571 12 0.428571 13 0.47619 14 0.52381 15 0.571429 16 0.619048 17 0.619048 18 0.666667 19 0.714286 20 0.761905 21 0.809524 22 0.809524 23 0.857143 24 0.904762 25 0.952381;
21, 1 0.045455 2 0.045455 3 0.090909 4 0.136364 5 0.181818 6 0.227273 7 0.272727 8 0.272727 9 0.318182 10 0.363636 11 0.409091 12 0.454545 13 0.5 14 0.5 15 0.545455 16 0.590909 17 0.636364 18 0.681818 19 0.727273 20 0.727273 21 0.772727 22 0.818182 23 0.863636 24 0.909091 25 0.954545;
22, 1 0.043478 2 0.043478 3 0.086957 4 0.130435 5 0.173913 6 0.217391 7 0.26087 8 0.304348 9 0.347826 10 0.347826 11 0.391304 12 0.434783 13 0.478261 14 0.521739 15 0.565217 16 0.608696 17 0.652174 18 0.652174 19 0.695652 20 0.73913 21 0.782609 22 0.826087 23 0.869565 24 0.913043 25 0.956522;
23, 1 0.041667 2 0.041667 3 0.083333 4 0.125 5 0.166667 6 0.208333 7 0.25 8 0.291667 9 0.333333 10 0.375 11 0.416667 12 0.458333 13 0.5 14 0.5 15 0.541667 16 0.583333 17 0.625 18 0.666667 19 0.708333 20 0.75 21 0.791667 22 0.833333 23 0.875 24 0.916667 25 0.958333;
24, 1 0.04 2 0.04 3 0.08 4 0.12 5 0.16 6 0.2 7 0.24 8 0.28 9 0.32 10 0.36 11 0.4 12 0.44 13 0.48 14 0.52 15 0.56 16 0.6 17 0.64 18 0.68 19 0.72 20 0.76 21 0.8 22 0.84 23 0.88 24 0.92 25 0.96;
25, 1 0.038462 2 0.076923 3 0.115385 4 0.153846 5 0.192308 6 0.230769 7 0.269231 8 0.307692 9 0.346154 10 0.384615 11 0.423077 12 0.461538 13 0.5 14 0.538462 15 0.576923 16 0.615385 17 0.653846 18 0.692308 19 0.730769 20 0.769231 21 0.807692 22 0.846154 23 0.884615 24 0.923077 25 0.961538;
